36301
35957
35631
36467
36049
35235
35968
35007
35233
35660
36360
35960
36116
36106
36801
36278
35233
36078
35058
36420
36201
35801
35903
35570
35555
35901
36033
36330
35462
36853
36305
35205
35042
35650
35768
36340
35010
36027
36251
36207
35611
36535
35601
35594
36617
35502
36608
36451
35401
36744
36092
36426
36532
35161
36726
35211
35213
36067
35447
36089
36732
36652
35021
36701
36460
35565
36081
36545
36507
35125
35801
36925
35209
36608
36265
36401
36117
35233
36037
35661
35653
35150
36867
36502
36109
35404
36518
35582
36904
36604
99508
99645
99801
99701
99508
99559
99508
99835
99835
99615
99762
99576
99901
85031
85006
85712
86326
85745
85711
86301
85364
85020
85222
85008
86001
85013
85015
85541
85224
85006
85251
85635
86409
85351
85901
85724
85202
85546
86403
86504
86045
85634
85550
85016
85032
86503
85741
85260
85206
85306
85027
85375
85308
86442
85054
85206
85206
85015
85395
85713
85224
85941
85755
85037
86426
86314
85296
85295
85209
85234
85255
85012
85140
85008
85132
85120
85723
86313
85390
85602
85643
85607
86040
86042
86505
86047
85603
85621
85501
85938
85344
85016
72761
72830
72703
72205
72758
72833
72143
71953
72205
72601
72956
72335
72401
72764
71903
72653
72034
72117
72450
72801
72455
71701
71655
72902
72917
71754
72315
71603
72160
72076
72104
71901
72112
72015
72342
71731
72703
72205
72205
72401
72503
71901
72211
72120
72118
72703
71801
72855
72834
72949
72632
72958
72519
72396
71654
72476
72560
71852
72543
72031
72042
72370
71742
72927
71832
71822
71923
72576
71635
72110
71639
71671
71653
72616
72454
72736
72202
94545
95501
94010
94117
94558
94574
95642
95819
90012
92501
91950
92103
91942
95521
95966
93301
95128
95926
91342
96080
94609
92243
94115
92220
94110
93534
93291
91204
93715
90027
95361
92868
94080
95051
94596
94589
94611
94115
92103
90732
94806
93030
95204
92411
95476
90255
93710
91790
91786
92123
94589
92503
90033
90262
93454
95816
93436
90404
94403
92025
91325
95336
93230
95203
91209
95116
91406
95695
92056
92404
94945
91776
95901
90028
94954
91402
90027
90242
92335
93940
90015
95945
94109
95128
91436
93003
95231
92835
90602
95405
95382
94598
93930
90813
93654
95076
94538
93230
94062
93552
91740
94501
91911
92663
95969
92801
94110
92843
91767
93401
92118
91505
93065
91006
91206
95065
92262
92324
93906
95667
93308
93703
93257
90095
92373
94553
91346
92252
90822
96001
91801
94588
94015
90404
95403
92555
93301
95023
92311
92307
95482
94705
94040
95661
95655
95376
93306
94304
94602
92037
92354
92882
93901
95370
95240
92227
92868
90640
90509
96150
90503
93111
93274
94904
94533
90033
90509
91352
95124
91723
92543
90241
93003
93102
93210
94133
90710
95630
95531
92225
92037
95825
92804
95932
92028
91109
94305
95340
94143
93301
94117
95350
90247
90017
91307
90806
94546
93611
94520
95603
90057
92024
93405
94903
94538
92120
95608
92392
94509
92647
93635
92201
95616
94063
92627
91768
93257
95431
92626
91360
90720
91364
95355
90034
92691
93637
92708
92270
90716
90623
90712
91710
91773
92870
95823
91740
95817
92653
95119
93215
92806
93010
91355
90048
93465
92064
90023
90023
94116
95823
91367
92708
92585
92505
95020
94583
95403
90033
96001
92562
91402
93710
92395
93720
95065
90242
91706
93308
95355
90804
93720
90605
91754
91754
91733
90301
90291
90036
92805
92869
92705
92704
95337
90036
94025
91403
92120
91763
94531
91356
90026
96001
92555
95991
95688
92618
92563
90650
95661
94578
92592
90806
94577
92161
92357
90073
96122
93561
93545
93546
95338
96028
95988
90704
96104
95542
94121
95490
95948
92352
93240
96093
96097
95422
95540
96067
96130
95448
92363
93514
95437
95971
96020
96161
95453
96101
93463
95249
93023
92315
90027
94304
90806
80631
80501
80601
81401
81101
80033
80524
80204
81004
81301
80218
80228
81212
81003
80909
81502
80045
80304
80218
80538
80907
80220
80113
81050
80810
80701
80487
81501
80220
80210
80229
81416
81601
80751
81501
81657
80012
80027
80023
80206
80124
80122
80138
80026
81301
80443
80538
80228
80109
81036
81132
81521
80723
80731
80734
80821
81648
81140
80758
80737
81073
80517
80807
81625
80759
81089
81650
80459
80461
81230
81082
81201
81052
81611
81641
80863
81321
81147
80045
6105
6260
6069
6721
6904
6320
6076
6610
6790
6066
6706
6450
6830
6460
6457
6226
6504
6360
6102
6040
6606
6010
6418
6810
6856
6050
6032
6405
6492
6516
6117
6106
19718
19805
19901
19973
19958
19963
19805
20037
20060
20007
20016
20017
20032
20010
20422
20010
32209
33435
32806
32803
33176
33136
33901
32170
32114
34102
32901
33136
34452
32504
32401
32796
33150
34761
33701
33140
34208
33021
33316
32204
34698
34995
32720
33541
33950
32565
33870
33012
34711
33881
33013
32578
34689
32778
34474
34652
33705
32117
33614
34285
34601
32763
33308
33677
33952
33462
32435
34748
33064
34239
32207
32086
32955
32501
33853
33708
32055
32960
32348
33936
33871
34741
32610
32250
32164
33831
32539
32570
33033
33707
33756
33606
33430
33180
33563
32063
32308
33837
32034
32446
33040
32224
33143
32055
33805
32771
34233
33317
33486
33613
34265
33410
32932
32216
33710
33143
33134
33016
33063
34655
33308
32605
33609
33175
33525
34478
34209
32978
33912
32547
33321
32073
33324
33024
32514
32177
33407
33952
33709
33136
32405
33511
33990
34950
33770
34428
34972
33458
32308
33615
34667
33484
33573
34952
34613
34695
32561
34223
33428
33470
33414
33065
33137
33028
33155
33029
34119
33401
33407
33331
32159
32935
32550
33146
34202
34769
32216
32456
33196
32940
32907
33544
34758
32068
32696
32608
33612
33125
33410
33873
32060
32440
32054
32424
32320
32425
32428
33440
32091
32340
33050
33070
30720
30286
31501
30742
30041
30606
31703
30114
30322
30117
30180
30240
30014
30701
31412
31520
30635
30553
30901
30501
30120
30223
30577
30912
30060
31403
31792
30904
30529
30535
30141
31419
31719
30680
30655
30705
30512
30162
31901
31093
31513
31750
30606
30458
30033
30308
30303
30342
30309
31082
30045
31533
30012
31023
31793
30434
31620
31015
31768
31201
30401
30824
30830
30312
39828
31603
31545
31021
30474
31995
31774
39819
31036
30417
30106
31558
31061
31069
30342
31217
30274
30165
30909
30134
30533
30513
31063
30281
30078
39845
30076
31909
31210
30540
31788
30214
30143
30058
30265
30097
30265
31639
30033
30901
31021
39840
31014
31064
30650
39837
31329
31634
31008
31024
39823
31830
31029
30233
30110
30546
30673
31635
31510
31791
30642
30125
31730
31643
31539
30439
31310
30525
96813
96793
96786
96720
96734
96817
96819
96766
96750
96813
96701
96743
96796
96777
96748
96731
96746
96790
83301
83501
83712
83706
83686
83605
83404
83440
83201
83702
83814
83704
83404
83854
83221
83805
83330
83252
83211
83467
83672
83611
83276
83338
83647
83638
83422
83837
83530
83254
83861
83617
83350
83544
83522
83263
83340
83213
83221
83318
83843
83864
61520
62002
60435
60160
60201
62948
61021
61614
62301
60608
62565
61364
60504
60123
62401
60085
62801
60612
61401
61081
62864
60617
60302
61832
62002
62769
60402
62650
62052
60463
60304
61401
60525
61637
60628
62207
60141
60202
60640
60644
60085
60637
61455
62959
61801
61832
60623
60099
60450
60621
61350
61801
60625
60613
60050
60631
60406
60612
61554
60521
60612
62040
61761
60045
60629
62526
62246
61362
62230
62450
62781
60612
60901
60616
61032
61764
61701
62902
62521
60970
60461
60506
60098
60649
60805
60622
60617
60657
62959
62226
60901
62220
61938
60426
60640
60126
60048
60622
60453
61636
62946
60134
60451
60123
60068
60657
61104
60540
61108
61354
61103
60160
60190
60429
60634
60005
60007
61282
60153
61201
60611
60115
60515
62062
60194
60010
60139
62864
60615
60440
60064
62016
61856
61036
61727
61231
62321
62088
62274
61530
61342
62837
61068
62644
62363
60942
60936
61462
61254
61944
62812
62656
62960
62930
61443
62859
62863
62982
61270
61747
62832
62049
62681
62966
60033
62249
61356
62233
62568
60548
62557
62906
62454
62439
62881
62471
62626
62278
62286
62056
62839
46131
46402
46320
46122
46350
46902
46312
47130
46904
46952
46545
46360
46804
46514
46845
47933
47804
46202
46526
47362
46342
46383
46140
46151
46202
47591
47150
46706
47802
46802
47374
46953
47403
46202
46158
46601
46060
47501
47331
47274
47250
46947
46219
46714
46563
47747
46260
47025
46016
47303
46311
46750
46176
47750
46725
46534
46052
47905
47201
46011
47546
46321
46307
46227
46222
46580
46755
47630
46825
46290
46032
46123
46278
46032
46237
47111
47403
46321
46307
46845
46804
46256
47150
47905
47630
47129
46545
46256
46037
46032
46506
47394
47348
47265
46173
46996
47454
47993
46036
47834
46992
46072
47960
46975
47167
46703
46041
47441
46970
47670
47371
47586
46761
47978
47601
47842
47882
47421
47006
46733
47112
47240
46135
47170
47421
50158
51401
52632
52761
50501
50316
51503
52245
50010
50208
52803
50310
50613
52402
51503
52246
52655
52242
50401
50702
52001
52403
52732
50309
50314
52501
50314
52722
50703
51301
52001
52627
51360
51104
50112
51101
51245
50421
50525
50638
50841
50574
52205
50423
50441
51555
50849
51023
52052
52742
50115
52591
52175
52301
52172
52043
50674
51246
50220
50461
51640
50129
50273
52537
52136
52060
50025
50659
51455
50201
50548
50644
51247
52565
50662
50677
50144
50049
52531
52057
52353
51249
51250
50616
50213
52349
51449
51334
51632
50511
51445
50138
52641
50536
50060
51040
51041
50595
51012
51566
52556
50801
51601
50219
51031
51442
50583
52101
50036
50854
51537
50588
50022
52544
52040
52577
50126
51201
66762
66048
67301
67401
67601
66067
66606
67042
67502
67846
67124
67152
66103
66061
66701
67901
66048
66441
67107
66604
67218
66839
67114
66204
67460
66071
67880
67357
67214
67214
66048
66044
66502
67337
66112
67005
67950
67801
66215
66209
67226
66213
67226
67401
66211
66502
67530
66211
67226
67002
67502
66219
67235
66213
66739
67572
67526
67356
67831
67861
67730
66725
67756
67029
67860
66097
66538
66032
67547
67361
66436
66439
67864
67878
67578
67870
67642
67439
67467
67554
67070
67544
67104
67951
67560
66547
66534
67045
67449
66434
67548
67855
66757
67550
67003
67740
67654
66901
67665
66968
67749
67661
66521
67672
66861
67063
67456
67879
67455
66935
67701
66508
67473
66945
67058
67752
67865
67854
67735
67432
67871
66749
66736
67420
66743
66967
67068
66846
66720
67410
66002
67156
66801
66211
41075
41858
42345
41653
41101
40504
40741
42701
42101
40065
42141
40351
41056
40965
40977
40033
40004
42071
41701
41017
41101
42303
40202
40962
41501
41042
40361
40422
40475
40831
42240
41041
42420
40353
42276
40536
41503
40206
42754
41240
41031
40502
40701
42718
40202
40391
42431
42064
40324
42003
40503
42003
42167
42602
40456
42066
42041
42104
40601
41230
40207
42502
40031
41339
40202
40509
42728
40336
40330
42211
41649
42437
41472
40383
42539
41008
41097
40359
42749
40484
41749
42717
42135
40143
42078
42633
42445
42347
42164
42743
42025
40906
40403
42642
41647
70503
70563
70301
70112
70506
71457
70360
71202
70663
70380
70403
70570
71301
70791
70554
71301
70601
70510
70121
70072
70458
71105
70526
70433
70115
70634
70546
70562
70601
70808
70806
70070
71263
71270
71075
71483
71103
71351
70508
71463
71103
71040
71220
71052
71201
70817
70648
71295
71055
71342
70006
71269
71291
71446
70586
70112
70433
70363
71418
71418
70748
70605
70816
70461
70506
71254
71449
71111
70360
70737
71201
71201
70445
70810
70508
70458
71270
70508
71291
70508
70810
70433
70503
70458
70065
71101
71446
71301
70130
70403
70560
70631
70043
70427
70127
71360
71101
70441
71241
70517
70390
71082
70071
70775
70422
70538
71019
70438
71465
70760
71251
71334
70525
71001
70443
70548
71232
70394
70345
71222
4401
4101
4102
4769
4005
3909
4011
4240
4011
4736
4401
4240
4938
4330
4330
4901
4605
4743
4856
4614
4441
4543
4457
4609
4619
4276
4462
4730
4426
4009
4654
4915
4967
4976
4268
21742
21201
20785
20910
21701
21078
21202
21287
21229
21215
21223
21237
20912
21550
20832
21801
20814
21401
21218
21502
20650
21224
21620
21921
21157
21225
20646
21601
21201
20678
21133
21061
21204
21817
21044
21014
20706
20707
21239
20850
21207
20744
21811
20735
21204
21215
21201
1453
2138
2703
1842
2138
2601
1060
1301
2124
1550
1730
2721
1040
1950
1069
2118
1915
1970
2135
1201
1752
1082
2302
1510
2360
1605
1854
1085
1104
2176
2114
2780
2720
2114
1199
1844
2494
1742
2215
2120
1757
1440
1432
1053
2190
2462
1890
2186
2130
2115
2301
2111
2130
2062
2540
1655
1803
1701
1608
2554
2557
1230
1331
2115
48154
49464
49444
49221
48341
49093
49007
48075
48124
49085
49036
48235
48341
48801
48060
48838
49707
49242
49503
49058
48708
48109
48038
48202
49855
49801
49738
49503
49801
49442
48843
48602
48033
49423
49017
48601
49098
48858
49601
49090
48230
49201
49307
48661
49091
49684
48162
48602
48764
48201
49770
49930
49431
49048
48413
48105
48867
49015
48073
48503
49735
48532
48184
48198
48192
48336
48106
48236
48910
49417
48183
48617
48446
48093
48439
48342
48811
48060
49068
48670
48043
48912
49519
49783
48054
48135
48307
48118
48091
48085
48180
48201
48603
48382
48116
48201
48075
48322
49660
48201
49635
49646
49854
49868
48658
49781
49946
49862
49953
48755
48427
48884
48441
48471
49047
48726
48850
49935
49913
49455
49849
49720
49677
48827
48624
48879
48813
49010
48723
48453
48846
49079
49938
49286
49829
49412
48201
55422
55805
55415
55904
55902
55057
55066
55805
55008
56187
56303
56308
56303
55102
55417
55746
56007
55987
55805
55092
56537
55426
55387
55407
55033
55102
55744
55082
55060
55021
56401
55313
55435
55454
55792
56201
56001
56601
56501
55379
55101
55433
55432
55371
56031
55350
55404
56671
55337
55109
55125
55369
56557
56623
56183
56175
56296
56431
56277
55616
55072
55307
55723
56510
56232
56143
56628
55604
55731
56172
56716
56240
56649
56062
56265
56347
56085
56621
56479
56352
56307
56101
56081
56082
55981
56728
56762
55041
56136
55705
56208
56278
56241
56751
56093
55009
56220
56178
56362
55767
56283
56087
56441
56482
55336
56359
56542
56633
56258
56636
56071
55362
56267
55720
56215
55355
55051
56378
56013
56345
56156
56256
56573
56164
56058
56334
56520
56073
56531
56470
56701
55404
39216
38852
38801
38652
39530
38834
38663
38635
38851
39422
39502
39744
38821
39339
39183
38655
39452
39046
39581
38614
39350
38829
39216
39652
39759
39601
39440
39069
38965
39773
39301
39204
39367
39404
39159
39301
38704
39120
39429
38732
39402
38751
39042
39649
38930
39701
39202
39301
39466
39120
39503
39111
38668
39350
38606
39193
39232
39232
38671
39301
39216
39521
39153
38654
38901
39531
39216
39074
39730
39577
38921
39654
39476
38863
39631
38967
39194
38646
39051
39355
39114
38771
39095
39150
39365
39117
39667
39428
39474
39083
39451
39653
38916
39345
39470
39735
39328
39090
64804
65233
63301
64506
65302
65109
63857
65401
63141
63501
63019
65483
63401
64132
63110
64730
65807
65102
64108
64128
64468
63090
64429
65536
64772
64154
65265
65804
65201
63851
65270
63128
65775
63901
63935
63026
64114
63117
65615
64057
64116
64093
63106
64139
63044
63110
63131
63701
63801
63640
63901
64804
64111
65212
65340
63841
63141
63640
64735
63122
64069
63017
63136
63703
65065
64063
63376
64014
65613
63367
65803
65251
63118
64012
64086
63368
63901
64836
63638
65201
64446
63565
63556
64628
63664
64683
63555
63775
64424
65041
65605
65625
65560
63379
64067
64601
64701
64759
64085
64402
65708
63670
64850
64633
63353
65351
65548
63080
64108
59601
59101
59405
59806
59701
59804
59501
59636
59107
59901
59715
59417
59405
59901
59255
59324
59858
59442
59215
59645
59422
59218
59349
59337
59520
59538
59011
59230
59047
59725
59749
59923
59036
59254
59859
59425
59864
59068
59327
59474
59019
59872
59330
59644
59522
59711
59937
59427
59034
59022
59840
59201
59263
59860
59270
59457
59072
59301
68506
68848
68198
68510
68803
68131
68901
68114
68124
69361
69101
68105
68025
68122
68046
68601
68071
68701
68506
68526
68144
68130
68114
68123
68122
68845
68123
68920
68361
68420
68746
68370
69145
68959
68066
68371
68446
69154
68939
68640
69138
68651
68978
68970
69336
68352
68818
68045
68788
68661
68305
69210
68756
69130
68826
68763
68359
68729
68632
68714
68620
68825
68467
68873
68434
69021
69337
68410
68713
69201
68787
68769
68765
69022
68047
68450
69033
68355
68862
68333
69153
69140
69162
69343
68008
69301
68850
68949
69001
68310
68822
68114
89502
89447
89109
89030
89406
89102
89801
89503
89015
89703
89049
89106
89119
89502
89434
89128
89144
89119
89052
89118
89148
89521
89703
89113
89149
89415
89451
89301
89820
89419
89410
89027
89445
89005
89048
89008
3301
3756
3246
3060
3103
3867
3038
3820
3431
3060
3833
3801
3102
3576
3785
3561
3584
3257
3766
3235
3860
3743
3458
3570
3264
3894
7601
7112
7047
8822
7055
7666
7109
8536
8210
7450
8103
7962
7306
7444
7503
7018
8629
8009
7065
7002
7207
7860
8103
8015
8360
7701
8901
8861
7030
8755
8534
7631
8244
8876
7834
7902
8724
7042
8060
7652
8865
8046
8401
8318
8901
7754
7302
7740
7039
8096
7018
8701
8084
8079
8638
7102
8818
8690
7728
7733
8050
7840
7094
7103
7675
87106
87505
87701
88310
87401
88201
87102
87532
87571
88061
87109
88011
87106
88101
88210
87544
87301
87501
88340
87420
87108
87327
87301
87313
88220
88240
88435
87049
87114
88130
88011
88201
87144
87901
87801
88401
88415
88260
88345
87740
87020
88031
12204
12401
14210
10701
14569
10456
13905
12208
11418
11229
12601
10029
11554
10304
14513
13815
11706
13503
11743
10019
12010
12572
11355
11201
12208
14456
10467
10708
14302
14020
14424
14214
12983
10451
12953
13820
10550
11944
14905
12534
14895
12208
10003
10021
14217
14760
10960
11030
11901
14902
14141
13421
10021
14810
14621
10940
10461
11373
14215
14070
12771
13326
14424
13203
11772
14810
14843
12308
13601
10901
10548
10305
10549
14094
14620
14787
11501
10003
10468
13045
10010
12180
11542
11576
10802
11777
14092
12801
11355
11219
11040
11235
13676
11572
10029
11768
11203
11203
13210
10016
10990
10701
13669
10016
13440
13126
14215
11237
12866
13662
12401
14626
14048
11432
12180
11212
10595
13021
11215
14437
14701
10037
13210
13501
11777
13210
12901
11570
10591
12550
14432
10567
12043
10021
10512
12078
14830
14220
14642
11795
10601
11220
14850
11803
11714
11968
11203
11375
11580
10467
12742
11794
13790
11691
11206
11213
10457
11787
14620
10605
10993
12308
12180
14727
12932
12723
12455
13753
12883
13690
13607
12428
13365
13856
14865
14527
13642
13346
13619
28025
28801
27030
27261
28352
27534
28139
27103
28144
28779
28791
27330
28150
28792
28328
28501
28302
27710
28052
27549
28086
28677
27834
28645
28540
27157
27704
28359
28607
28233
27288
27514
28659
28472
27610
27216
28334
27609
28655
28170
27360
28752
27577
27401
27293
28621
28210
27910
28345
27886
27909
28203
27607
28374
28601
28001
28349
27204
27893
27565
28117
27705
28110
28560
27536
27892
28301
28402
28557
28602
28687
28092
27804
27103
27870
27704
28719
28462
27573
28262
28401
28106
27518
28144
28078
28721
27889
27028
28805
27874
27371
27983
28713
28425
27055
27344
27962
28337
28741
27016
27932
28712
28675
28722
28646
27959
28640
28734
28461
58501
58701
58122
58506
58201
58102
58316
58538
58104
58852
58784
58854
58540
58575
58746
58425
58318
58254
58257
58545
58054
58267
58623
58533
58474
58367
58421
58220
58237
58495
58413
58249
58072
58730
58270
58341
58552
58045
58639
58324
58368
58301
58801
58401
58601
45255
44805
45219
43214
45662
45804
44622
43302
43081
45365
45701
45236
43215
44203
44106
44309
44870
45385
44307
43402
45885
43222
44691
44115
43701
45220
43050
44129
45331
45056
43699
45409
45406
45631
44482
45014
45828
44109
44501
44857
45801
43606
44708
45891
43130
43560
44143
45005
44111
44266
45429
45428
43935
43616
44119
44710
43210
45504
44113
44883
45601
43537
44256
43040
45840
43920
44077
44811
43812
43608
44903
43506
44145
44004
44601
45013
45405
45220
44106
44501
44125
44122
44035
45750
44654
44223
44646
43228
43906
44130
43420
45601
44481
45219
43113
44053
45373
45177
45242
44195
44460
43140
44024
43311
43725
43015
43952
44107
43055
44124
45211
45103
45342
44221
44084
43230
43616
45669
43623
45804
43054
43512
45417
44512
43016
44310
44512
45069
45502
43110
44122
45431
45662
45241
45879
43526
44621
44254
45123
45764
44074
44041
44030
43545
44890
43907
43078
43338
43452
43326
44820
44830
45750
45640
43713
45817
44667
44875
44833
45679
43543
43512
43351
43138
43160
45133
43567
45690
74104
73801
74355
74601
73858
73070
73036
73120
74702
74361
73701
74006
73644
74820
73523
73533
74401
73701
73112
73601
74631
73112
74501
73550
73101
74017
74953
74010
73401
74745
74076
73542
73018
73505
74447
74301
74578
74127
73717
74523
74465
74136
73104
73110
73505
74023
74743
73662
73109
74955
74344
74104
74401
73942
73077
74804
73104
73651
73075
73080
74467
74432
73507
74464
74571
74017
74960
74820
74437
74133
73120
73120
73129
74133
73159
73134
74137
73099
73139
73052
73120
74132
74133
73109
73114
73013
74055
74055
74868
74137
73135
74012
73034
74525
74864
73772
73628
73460
74048
73448
73933
74056
73438
73573
74066
73750
73005
74079
73044
74637
74538
74020
74848
73932
73096
73834
73632
73446
73763
73086
73737
73554
74030
73663
74859
73015
74462
97058
97527
97225
97520
97227
97239
97330
97210
97504
97477
97123
97321
97030
97471
97381
97401
97132
97045
97239
97756
97701
97470
97601
97301
97914
97383
97216
97213
97128
97504
97222
97062
97420
97015
97477
97124
97424
97367
97138
97411
97845
97828
97720
97338
97630
97836
97467
97423
97754
97365
97814
97439
97141
97031
97801
97103
97850
97444
97355
97741
97838
18510
15132
17815
17011
17822
16117
16544
19446
17837
16105
18071
16602
19122
19118
19140
15219
17901
17901
15065
18951
15009
15143
15501
15401
15301
16901
19603
17701
17403
17044
18015
19320
15212
16830
16652
18960
17015
16504
17604
16673
16550
17325
17042
17105
17543
17042
19007
17745
18603
16601
19320
18840
19111
19026
17801
15801
15224
16346
16214
19605
19046
19104
17604
17403
15215
16735
15237
15905
19104
15963
16335
15213
19114
19401
15537
16701
18510
19464
18431
19460
15240
16646
19130
18105
18764
17268
19010
18711
19141
15601
16365
15063
15370
17201
19301
15857
19023
15136
15317
18042
16201
15213
16001
15701
19107
16125
19380
19013
18218
15425
18201
18657
18235
19096
18102
16509
15767
18301
18901
19152
16146
15666
15650
19390
19063
19104
17522
19107
15243
19001
17331
18848
18501
17033
19047
18017
15236
16127
15146
16803
18711
19401
19408
19102
19047
19128
16154
19124
18017
19610
18104
19020
15301
19468
17402
18045
17403
15146
19403
17740
17756
15552
17233
17764
16947
18801
16686
16407
18847
15825
16915
15224
19104
907
733
936
791
909
791
785
631
792
935
737
681
936
918
705
910
683
717
714
960
921
733
785
927
603
613
923
959
681
725
956
915
961
698
676
984
780
674
693
614
674
725
928
969
681
936
738
683
935
919
641
738
2860
2908
2904
2840
2903
2879
2886
2905
2895
2906
2891
2908
29730
29425
29536
29303
29672
29550
29671
29641
29812
29203
29706
29440
29601
29204
29621
29488
29650
29720
29681
29325
29379
29340
29020
29526
29506
29108
29512
29574
29540
29520
29414
29560
29902
29115
29102
29150
29646
29944
29169
29605
29406
29925
29801
29307
29572
29220
29401
29464
29505
29576
29927
29615
29651
29466
29569
29212
29209
29401
29827
29620
29180
29556
29824
57201
57006
57078
57301
57401
57501
57117
57117
57741
57783
57117
57701
57770
57702
57625
57570
57049
57105
57703
57401
57701
57108
57078
57402
57042
57369
57226
57437
57523
57028
57274
57430
57380
57469
57059
57428
57732
57785
57747
57730
57382
57601
57252
57066
57325
57366
57022
57231
57013
57580
57350
57069
57362
57533
37650
38301
37066
37207
37355
38351
38555
38485
37804
37620
37920
38344
37662
37643
38478
37745
37067
37814
37748
37857
37766
37830
37040
37232
37096
37055
38120
38104
37743
38375
37129
37760
37879
37398
38501
38358
38237
37604
37172
37814
37371
38363
38024
38401
37862
37205
38556
37874
37404
37334
37403
38372
37772
37208
37917
37916
38261
38019
38242
37236
37160
38104
38551
37388
38138
37166
37076
37110
38103
37821
37404
38118
37203
38068
37684
37923
38464
37660
37762
38008
38201
38119
37604
37311
38570
38305
37212
38583
37087
37075
37211
37190
37203
37167
38133
37129
37061
37033
37074
37683
37083
37030
37355
37091
37321
37015
37869
38063
37317
38320
79902
77630
78028
76301
77802
75235
77555
75246
77901
79905
78520
78044
75670
78550
77702
77002
75601
76104
79410
76712
75390
78404
75203
76634
76508
79556
78705
78205
76012
77030
77566
79549
79501
75061
75455
78102
75701
76450
76180
76240
78852
77504
79065
76712
75701
78155
79902
78114
78539
78701
78596
78205
79761
79701
76104
76104
78957
79714
77902
76033
76542
78840
79045
79412
78363
78026
78572
78801
79735
77008
77833
76645
77030
75766
75460
75501
76086
79106
75633
75901
78229
77488
78643
79029
77304
79601
79106
78629
75482
78207
76458
79520
77418
76234
78666
75042
77054
75142
78061
77842
79553
75020
77469
76904
77701
77340
76661
76401
75401
77030
79201
78934
75165
75234
78229
75751
77351
79316
76667
75069
76448
76020
75204
77521
78705
75110
76043
75979
75231
77414
75091
75652
75904
75662
79331
76230
76424
75961
77640
75082
79072
79606
76051
76067
76903
75951
79014
75835
76384
76380
76801
76048
77954
78624
78336
79106
77024
77598
78834
76210
77090
76022
79720
76255
78041
77082
75230
75075
79720
78582
75961
75840
77004
79761
78526
79902
75057
75216
77375
76104
77054
76015
76028
75218
77338
79415
75149
75708
77437
78224
79339
75605
77058
78503
78704
77065
78681
75237
75010
75088
76201
79529
75801
75862
77030
76531
79336
75390
75093
77090
77325
76132
78240
78412
79109
77004
75504
77091
77030
78731
78758
77479
75039
78539
76310
78332
77504
75119
77802
75013
77070
79902
77494
77479
75226
75034
78550
78258
77479
77384
75701
78737
78759
78539
76504
78746
76017
75063
79124
79416
79936
76110
76262
75035
76092
75231
75093
75093
76208
75235
78229
76932
76642
77836
79323
79752
76821
77480
79546
79567
77864
75766
77514
75428
77868
76550
79225
78861
79022
79782
79096
79241
79521
79512
76360
79081
77995
76834
79088
79027
79373
79731
76374
79095
77979
76567
75948
77957
78119
78611
79346
75686
79007
75418
78648
79347
79756
76574
77964
79772
79830
76528
75783
76104
78411
78723
84604
84102
84403
84405
84143
84721
84132
84107
84501
84651
84074
84341
84302
84066
84790
84003
84701
84148
84078
84759
84713
84337
84041
84010
84057
84094
84124
84107
84088
84057
84341
84060
84065
84020
84624
84631
84532
84647
84648
84751
84634
84032
84535
84741
84511
84113
5641
5401
5701
5301
5201
5009
5478
5353
5060
5089
5819
5855
5661
5156
5753
24273
24266
22801
22601
23507
22908
23505
24558
23707
22939
22701
23860
24501
22401
20186
24014
23298
22630
23413
24354
22304
23602
24073
20176
23439
20110
23502
24153
22205
23601
24211
23454
23226
24641
22042
23188
23805
23116
23667
24541
22911
24115
22560
24523
24151
23901
23851
23666
23223
23847
23970
22033
23803
20190
23249
24060
24382
23235
22191
24219
24333
24301
24651
23229
23456
24153
23320
22306
22482
24457
24614
23061
23114
22554
22408
23185
20169
24445
24134
24228
24450
22664
24171
22835
98133
99362
98274
98101
98221
98195
98166
98902
98201
98001
98807
98531
98499
98506
98122
98026
98122
98225
98520
98837
98902
98948
98310
98632
99210
99362
98668
98004
98112
99336
99204
99352
98223
98104
98362
99208
98372
98272
98055
98405
99216
99205
98034
98415
98502
99362
98003
98801
98686
98332
98029
98108
99347
99328
98586
98541
99122
99159
99133
99109
99156
99169
99350
98826
98624
98672
98620
98823
99344
98356
98848
98855
99166
98368
98812
98331
99114
99111
98841
98284
98944
99163
99403
98926
98816
98022
98584
99301
98065
98239
98250
98105
26506
24970
26330
25702
25401
25550
26038
25301
26062
26505
25309
25801
26241
25301
26452
26003
26301
24740
26554
25601
25704
26003
25701
26101
25401
25801
25801
24701
26155
25661
26651
24801
26416
26288
26147
26175
25276
26354
26624
25411
25951
26757
26537
25130
24924
26726
26847
25901
25136
25438
25271
26201
54481
54601
53188
54915
54868
54701
54729
54501
53143
53097
53566
54660
54401
54495
54241
53083
54449
53027
53295
53901
53081
54956
54904
54305
53705
53211
53913
53105
53066
53095
53548
54703
53538
54301
53916
53215
53715
54601
54935
53715
54568
53578
53405
54303
53792
53511
53121
53051
54221
53948
54143
53098
53210
53215
53227
54911
53226
53142
54311
53212
53097
54720
54904
54476
53132
53132
53066
53024
53546
54521
54758
54984
54634
54656
54736
54001
53934
54154
54768
53530
54487
54724
54812
54773
53014
54020
53534
54660
54971
53813
54456
54451
54552
54961
53963
54848
54880
53821
54840
54801
54615
54981
54016
54843
54024
53925
54452
54751
53581
54871
53589
53805
54017
54166
54002
54665
54022
54409
53959
53533
54829
53818
54923
54153
53147
54235
54806
82716
82801
82501
82901
82601
82001
83001
82072
82930
82605
82001
82801
82410
82633
82701
82443
82201
82401
82240
82834
82431
82435
82729
82414
83110
82225
83101
82301
78945
77339
78746
77598
76208
77401
77054
78222
76063
77429
75093
77505
78664
78664
78613
75032
76054
76132
79938
75231
79415
77478
78240
78258
78640
77479
77384
75182
78414
76227
79761
76015
75028
75070
76012
75001
77070
75090
77094
78232
78734
76548
75071
75051
76244
78613
77845
78017
75146
75231
77304
76520
77375
77598
75087
78130
99669
99686
99664
99833
99929
99574
99723
99603
801
820
96799
96913
96950
