2215
2120
1757
1440
1432
1053
2190
2462
1890
2186
2130
2115
2301
2111
2130
2062
2540
1655
1803
1701
1608
2554
2557
1230
1331
2115
48154
49464
49444
49221
48341
49093
49007
48075
48124
49085
49036
48235
48341
48801
48060
48838
49707
49242
49503
49058
48708
48109
48038
48202
49855
49801
49738
49503
49801
49442
48843
48602
48033
49423
49017
48601
49098
48858
49601
49090
48230
49201
49307
48661
49091
49684
48162
48602
48764
48201
49770
49930
49431
49048
48413
48105
48867
49015
48073
48503
49735
48532
48184
48198
48192
48336
48106
48236
48910
49417
48183
48617
48446
48093
48439
48342
48811
48060
49068
48670
48043
48912
49519
49783
48054
48135
48307
48118
48091
48085
48180
48201
48603
48382
48116
48201
48075
48322
49660
48201
49635
49646
49854
49868
48658
49781
49946
49862
49953
48755
48427
48884
48441
48471
49047
48726
48850
49935
49913
49455
49849
49720
49677
48827
48624
48879
48813
49010
48723
48453
48846
49079
49938
49286
49829
49412
48201
55422
55805
55415
55904
55902
55057
55066
55805
55008
56187
56303
56308
56303
55102
55417
55746
56007
55987
55805
55092
56537
55426
55387
55407
55033
55102
55744
55082
55060
55021
56401
55313
55435
55454
55792
56201
56001
56601
56501
55379
55101
55433
55432
55371
56031
55350
55404
56671
55337
55109
55125
55369
56557
56623
56183
56175
56296
56431
56277
55616
55072
55307
55723
56510
56232
56143
56628
55604
55731
56172
56716
56240
56649
56062
56265
56347
56085
56621
56479
56352
56307
56101
56081
56082
55981
56728
56762
55041
56136
55705
56208
56278
56241
56751
56093
55009
56220
56178
56362
55767
56283
56087
56441
56482
55336
56359
56542
56633
56258
56636
56071
55362
56267
55720
56215
55355
55051
56378
56013
56345
56156
56256
56573
56164
56058
56334
56520
56073
56531
56470
56701
55404
39216
38852
38801
38652
39530
38834
38663
38635
38851
39422
39502
39744
38821
39339
39183
38655
39452
39046
39581
38614
39350
38829
39216
39652
39759
39601
39440
39069
38965
39773
39301
39204
39367
39404
39159
39301
38704
39120
39429
38732
39402
38751
39042
39649
38930
39701
39202
39301
39466
39120
39503
39111
38668
39350
38606
39193
39232
39232
38671
39301
39216
39521
39153
38654
38901
39531
39216
39074
39730
39577
38921
39654
39476
38863
39631
38967
39194
38646
39051
39355
39114
38771
39095
39150
39365
39117
39667
39428
39474
39083
39451
39653
38916
39345
39470
39735
39328
39090
64804
65233
63301
64506
65302
65109
63857
65401
63141
63501
63019
65483
63401
64132
63110
64730
65807
65102
64108
64128
64468
63090
64429
65536
64772
64154
65265
65804
65201
63851
65270
63128
65775
63901
63935
63026
64114
63117
65615
64057
64116
64093
63106
64139
63044
63110
63131
63701
63801
63640
63901
64804
64111
65212
65340
63841
63141
63640
64735
63122
64069
63017
63136
63703
65065
64063
63376
64014
65613
63367
65803
65251
63118
64012
64086
63368
63901
64836
63638
65201
64446
63565
63556
64628
63664
64683
63555
63775
64424
65041
65605
65625
65560
63379
64067
64601
64701
64759
64085
64402
65708
63670
64850
64633
63353
65351
65548
63080
64108
59601
59101
59405
59806
59701
59804
59501
59636
59107
59901
59715
59417
59405
59901
59255
59324
59858
59442
59215
59645
59422
59218
59349
59337
59520
59538
59011
59230
59047
59725
59749
59923
59036
59254
59859
59425
59864
59068
59327
59474
59019
59872
59330
59644
59522
59711
59937
59427
59034
59022
59840
59201
59263
59860
59270
59457
59072
59301
68506
68848
68198
68510
68803
68131
68901
68114
68124
69361
69101
68105
68025
68122
68046
68601
68071
68701
68506
68526
68144
68130
68114
68123
68122
68845
68123
68920
68361
68420
68746
68370
69145
68959
68066
68371
68446
69154
68939
68640
69138
68651
68978
68970
69336
68352
68818
68045
68788
68661
68305
69210
68756
69130
68826
68763
68359
68729
68632
68714
68620
68825
68467
68873
68434
69021
69337
68410
68713
69201
68787
68769
68765
69022
68047
68450
69033
68355
68862
68333
69153
69140
69162
69343
68008
69301
68850
68949
69001
68310
68822
68114
89502
89447
89109
89030
89406
89102
89801
89503
89015
89703
89049
89106
89119
89502
89434
89128
89144
89119
89052
89118
89148
89521
89703
89113
89149
89415
89451
89301
89820
89419
89410
89027
89445
89005
89048
89008
3301
3756
3246
3060
3103
3867
3038
3820
3431
3060
3833
3801
3102
3576
3785
3561
3584
3257
3766
3235
3860
3743
3458
3570
3264
3894
7601
7112
7047
8822
7055
7666
7109
8536
8210
7450
8103
7962
7306
7444
7503
7018
8629
8009
7065
7002
7207
7860
8103
8015
8360
7701
8901
8861
7030
8755
8534
7631
8244
8876
7834
7902
8724
7042
8060
7652
8865
8046
8401
8318
8901
7754
7302
7740
7039
8096
7018
8701
8084
8079
8638
7102
8818
8690
7728
7733
8050
7840
7094
7103
7675
87106
87505
87701
88310
87401
88201
87102
87532
87571
88061
87109
88011
87106
88101
88210
87544
87301
87501
88340
87420
87108
87327
87301
87313
88220
88240
88435
87049
87114
88130
88011
88201
87144
87901
87801
88401
88415
88260
88345
87740
87020
88031
12204
12401
14210
10701
14569
10456
13905
12208
11418
11229
12601
10029
11554
10304
14513
13815
11706
13503
11743
10019
12010
12572
11355
11201
12208
14456
10467
10708
14302
14020
14424
14214
12983
10451
12953
13820
10550
11944
14905
12534
14895
12208
10003
10021
14217
14760
10960
11030
11901
14902
14141
13421
10021
14810
14621
10940
10461
11373
14215
14070
12771
13326
14424
13203
11772
14810
14843
12308
13601
10901
10548
10305
10549
14094
14620
14787
11501
10003
10468
13045
10010
12180
11542
11576
10802
11777
14092
12801
11355
11219
11040
11235
13676
11572
10029
11768
11203
11203
13210
10016
10990
10701
13669
10016
13440
13126
14215
11237
12866
13662
12401
14626
14048
11432
12180
11212
10595
13021
11215
14437
14701
10037
13210
13501
11777
13210
12901
11570
10591
12550
14432
10567
12043
10021
10512
12078
14830
14220
14642
11795
10601
11220
14850
11803
11714
11968
11203
11375
11580
10467
12742
11794
13790
11691
11206
11213
10457
11787
14620
10605
10993
12308
12180
14727
12932
12723
12455
13753
12883
13690
13607
12428
13365
13856
14865
14527
13642
13346
13619
28025
28801
27030
27261
28352
27534
28139
27103
28144
28779
28791
27330
28150
28792
28328
28501
28302
27710
28052
27549
28086
28677
27834
28645
28540
27157
27704
28359
28607
28233
27288
27514
28659
28472
27610
27216
28334
27609
28655
28170
27360
28752
27577
27401
27293
28621
28210
27910
28345
27886
27909
28203
27607
28374
28601
28001
28349
27204
27893
27565
28117
27705
28110
28560
27536
27892
28301
28402
28557
28602
28687
28092
27804
27103
27870
27704
28719
28462
27573
28262
28401
28106
27518
28144
28078
28721
27889
27028
28805
27874
27371
27983
28713
28425
27055
27344
27962
28337
28741
27016
27932
28712
28675
28722
28646
27959
28640
28734
28461
58501
58701
58122
58506
58201
58102
58316
58538
58104
58852
58784
58854
58540
58575
58746
58425
58318
58254
58257
58545
58054
58267
58623
58533
58474
58367
58421
58220
58237
58495
58413
58249
58072
58730
58270
58341
58552
58045
58639
58324
58368
58301
58801
58401
58601
45255
44805
45219
43214
45662
45804
44622
43302
43081
45365
45701
45236
43215
44203
44106
44309
44870
45385
44307
43402
45885
43222
44691
44115
43701
45220
43050
44129
45331
45056
43699
45409
45406
45631
44482
45014
45828
44109
44501
44857
45801
43606
44708
45891
43130
43560
44143
45005
44111
44266
45429
45428
43935
43616
44119
44710
43210
45504
44113
44883
45601
43537
44256
43040
45840
43920
44077
44811
43812
43608
44903
43506
44145
44004
44601
45013
45405
45220
44106
44501
44125
44122
44035
45750
44654
44223
44646
43228
43906
44130
43420
45601
44481
45219
43113
44053
45373
45177
45242
44195
44460
43140
44024
43311
43725
43015
43952
44107
43055
44124
45211
45103
45342
44221
44084
43230
43616
45669
43623
45804
43054
43512
45417
44512
43016
44310
44512
45069
45502
43110
44122
45431
45662
45241
45879
43526
44621
44254
45123
45764
44074
44041
44030
43545
44890
43907
43078
43338
43452
43326
44820
44830
45750
45640
43713
45817
44667
44875
44833
45679
43543
43512
43351
43138
43160
45133
43567
45690
74104
73801
74355
74601
73858
73070
73036
73120
74702
74361
73701
74006
73644
74820
73523
73533
74401
73701
73112
73601
74631
73112
74501
73550
73101
74017
74953
74010
73401
74745
74076
73542
73018
73505
74447
74301
74578
74127
73717
74523
74465
74136
73104
73110
73505
74023
74743
73662
73109
74955
74344
74104
74401
73942
73077
74804
73104
73651
73075
73080
74467
74432
73507
74464
74571
74017
74960
74820
74437
74133
73120
73120
73129
74133
73159
73134
74137
73099
73139
73052
73120
74132
74133
73109
73114
73013
74055
74055
74868
74137
73135
74012
73034
74525
74864
73772
73628
73460
74048
73448
73933
74056
73438
73573
74066
73750
73005
74079
73044
74637
74538
74020
74848
73932
73096
73834
73632
73446
73763
73086
73737
73554
74030
73663
74859
73015
74462
97058
97527
97225
97520
97227
97239
97330
97210
97504
97477
97123
97321
97030
97471
97381
97401
97132
97045
97239
97756
97701
97470
97601
97301
97914
97383
97216
97213
97128
97504
97222
97062
97420
97015
97477
97124
97424
97367
97138
97411
97845
97828
97720
97338
97630
97836
97467
97423
97754
97365
97814
97439
97141
97031
97801
97103
97850
97444
97355
97741
97838
18510
15132
17815
17011
17822
16117
16544
19446
17837
16105
18071
16602
19122
19118
19140
15219
17901
17901
15065
18951
15009
15143
15501
15401
15301
16901
19603
17701
17403
17044
18015
19320
15212
16830
16652
18960
17015
16504
17604
16673
16550
17325
17042
17105
17543
17042
19007
17745
18603
16601
19320
18840
19111
19026
17801
15801
15224
16346
16214
19605
19046
19104
17604
17403
15215
16735
15237
15905
19104
15963
16335
15213
19114
19401
15537
16701
18510
19464
18431
19460
15240
16646
19130
18105
18764
17268
19010
18711
19141
15601
16365
15063
15370
17201
19301
15857
19023
15136
15317
18042
16201
15213
16001
15701
19107
16125
19380
19013
18218
15425
18201
18657
18235
19096
18102
16509
15767
18301
18901
19152
16146
15666
15650
19390
19063
19104
17522
19107
15243
19001
17331
18848
18501
17033
19047
18017
15236
16127
15146
16803
18711
19401
19408
19102
19047
19128
16154
19124
18017
19610
18104
19020
15301
19468
17402
18045
17403
15146
19403
17740
17756
15552
17233
17764
16947
18801
16686
16407
18847
15825
16915
15224
19104
907
733
936
791
909
791
785
631
792
935
737
681
936
918
705
910
683
717
714
960
921
733
785
927
603
613
923
959
681
725
956
915
961
698
676
984
780
674
693
614
674
725
928
969
681
936
738
683
935
919
641
738
2860
2908
2904
2840
2903
2879
2886
2905
2895
2906
2891
2908
29730
29425
29536
29303
29672
29550
29671
29641
29812
29203
29706
29440
29601
29204
29621
29488
29650
29720
29681
29325
29379
29340
29020
29526
29506
29108
29512
29574
29540
29520
29414
29560
29902
29115
29102
29150
29646
29944
29169
29605
29406
29925
29801
29307
29572
29220
29401
29464
29505
29576
29927
29615
29651
29466
29569
29212
29209
29401
29827
29620
29180
29556
29824
57201
57006
57078
57301
57401
57501
57117
57117
57741
57783
57117
57701
57770
57702
57625
57570
57049
57105
57703
57401
57701
57108
57078
57402
57042
57369
57226
57437
57523
57028
57274
57430
57380
57469
57059
57428
57732
57785
57747
57730
57382
57601
57252
57066
57325
57366
57022
57231
57013
57580
57350
57069
57362
57533
37650
38301
37066
37207
37355
38351
38555
38485
37804
37620
37920
38344
37662
37643
38478
37745
37067
37814
37748
37857
37766
37830
37040
37232
37096
37055
38120
38104
37743
38375
37129
37760
37879
37398
38501
38358
38237
37604
37172
37814
37371
38363
38024
38401
37862
37205
38556
37874
37404
37334
37403
38372
37772
37208
37917
37916
38261
38019
38242
37236
37160
38104
38551
37388
38138
37166
37076
37110
38103
37821
37404
38118
37203
38068
37684
37923
38464
37660
37762
38008
38201
38119
37604
37311
38570
38305
37212
38583
37087
37075
37211
37190
37203
37167
38133
37129
37061
37033
37074
37683
37083
37030
37355
37091
37321
37015
37869
38063
37317
38320
79902
77630
78028
76301
77802
75235
77555
75246
77901
79905
78520
78044
75670
78550
77702
77002
75601
76104
79410
76712
75390
78404
75203
76634
76508
79556
78705
78205
76012
77030
77566
79549
79501
75061
75455
78102
75701
76450
76180
76240
78852
77504
79065
76712
75701
78155
79902
78114
78539
78701
78596
78205
79761
79701
76104
76104
78957
79714
77902
76033
76542
78840
79045
79412
78363
78026
78572
78801
79735
77008
77833
76645
77030
75766
75460
75501
76086
79106
75633
75901
78229
77488
78643
79029
77304
79601
79106
78629
75482
78207
76458
79520
77418
76234
78666
75042
77054
75142
78061
77842
79553
75020
77469
76904
77701
77340
76661
76401
75401
77030
79201
78934
75165
75234
78229
75751
77351
79316
76667
75069
76448
76020
75204
77521
78705
75110
76043
75979
75231
77414
75091
75652
75904
75662
79331
76230
76424
75961
77640
75082
79072
79606
76051
76067
76903
75951
79014
75835
76384
76380
76801
76048
77954
78624
78336
79106
77024
77598
78834
76210
77090
76022
79720
76255
78041
77082
75230
75075
79720
78582
75961
75840
77004
79761
78526
79902
75057
75216
77375
76104
77054
76015
76028
75218
77338
79415
75149
75708
77437
78224
79339
75605
77058
78503
78704
77065
78681
75237
75010
75088
76201
79529
75801
75862
77030
76531
79336
75390
75093
77090
77325
76132
78240
78412
79109
77004
75504
77091
77030
78731
78758
77479
75039
78539
76310
78332
77504
75119
77802
75013
77070
79902
77494
77479
75226
75034
78550
78258
77479
77384
75701
78737
78759
78539
76504
78746
76017
75063
79124
79416
79936
76110
76262
75035
76092
75231
75093
75093
76208
75235
78229
76932
76642
77836
79323
79752
76821
77480
79546
79567
77864
75766
77514
75428
77868
76550
79225
78861
79022
79782
79096
79241
79521
79512
76360
79081
77995
76834
79088
79027
79373
79731
76374
79095
77979
76567
75948
77957
78119
78611
79346
75686
79007
75418
78648
79347
79756
76574
77964
79772
79830
76528
75783
76104
78411
78723
84604
84102
84403
84405
84143
84721
84132
84107
84501
84651
84074
84341
84302
84066
84790
84003
84701
84148
84078
84759
84713
84337
84041
84010
84057
84094
84124
84107
84088
84057
84341
84060
84065
84020
84624
84631
84532
84647
84648
84751
84634
84032
84535
84741
84511
84113
5641
5401
5701
5301
5201
5009
5478
5353
5060
5089
5819
5855
5661
5156
5753
24273
24266
22801
22601
23507
22908
23505
24558
23707
22939
22701
23860
24501
22401
20186
24014
23298
22630
23413
24354
22304
23602
24073
20176
23439
20110
23502
24153
22205
23601
24211
23454
23226
24641
22042
23188
23805
23116
23667
24541
22911
24115
22560
24523
24151
23901
23851
23666
23223
23847
23970
22033
23803
20190
23249
24060
24382
23235
22191
24219
24333
24301
24651
23229
23456
24153
23320
22306
22482
24457
24614
23061
23114
22554
22408
23185
20169
24445
24134
24228
24450
22664
24171
22835
98133
99362
98274
98101
98221
98195
98166
98902
98201
98001
98807
98531
98499
98506
98122
98026
98122
98225
98520
98837
98902
98948
98310
98632
99210
99362
98668
98004
98112
99336
99204
99352
98223
98104
98362
99208
98372
98272
98055
98405
99216
99205
98034
98415
98502
99362
98003
98801
98686
98332
98029
98108
99347
99328
98586
98541
99122
99159
99133
99109
99156
99169
99350
98826
98624
98672
98620
98823
99344
98356
98848
98855
99166
98368
98812
98331
99114
99111
98841
98284
98944
99163
99403
98926
98816
98022
98584
99301
98065
98239
98250
98105
26506
24970
26330
25702
25401
25550
26038
25301
26062
26505
25309
25801
26241
25301
26452
26003
26301
24740
26554
25601
25704
26003
25701
26101
25401
25801
25801
24701
26155
25661
26651
24801
26416
26288
26147
26175
25276
26354
26624
25411
25951
26757
26537
25130
24924
26726
26847
25901
25136
25438
25271
26201
54481
54601
53188
54915
54868
54701
54729
54501
53143
53097
53566
54660
54401
54495
54241
53083
54449
53027
53295
53901
53081
54956
54904
54305
53705
53211
53913
53105
53066
53095
53548
54703
53538
54301
53916
53215
53715
54601
54935
53715
54568
53578
53405
54303
53792
53511
53121
53051
54221
53948
54143
53098
53210
53215
53227
54911
53226
53142
54311
53212
53097
54720
54904
54476
53132
53132
53066
53024
53546
54521
54758
54984
54634
54656
54736
54001
53934
54154
54768
53530
54487
54724
54812
54773
53014
54020
53534
54660
54971
53813
54456
54451
54552
54961
53963
54848
54880
53821
54840
54801
54615
54981
54016
54843
54024
53925
54452
54751
53581
54871
53589
53805
54017
54166
54002
54665
54022
54409
53959
53533
54829
53818
54923
54153
53147
54235
54806
82716
82801
82501
82901
82601
82001
83001
82072
82930
82605
82001
82801
82410
82633
82701
82443
82201
82401
82240
82834
82431
82435
82729
82414
83110
82225
83101
82301
78945
77339
78746
77598
76208
77401
77054
78222
76063
77429
75093
77505
78664
78664
78613
75032
76054
76132
79938
75231
79415
77478
78240
78258
78640
77479
77384
75182
78414
76227
79761
76015
75028
75070
76012
75001
77070
75090
77094
78232
78734
76548
75071
75051
76244
78613
77845
78017
75146
75231
77304
76520
77375
77598
75087
78130
99669
99686
99664
99833
99929
99574
99723
99603
801
820
96799
96913
96950
